[[617 773]
 [617 773]
 [617 769]
 [617 769]]
[[615 759]
 [618 758]
 [620 777]
 [617 778]]
[[702 749]
 [736 741]
 [742 768]
 [708 776]]
[[711 771]
 [720 771]
 [720 775]
 [711 775]]
[[726 767]
 [741 765]
 [742 769]
 [727 771]]
[[727 767]
 [728 766]
 [729 767]
 [728 768]]
[[618 781]
 [629 733]
 [650 738]
 [640 786]]
[[800 729]
 [856 729]
 [856 743]
 [800 743]]
[[703 737]
 [707 725]
 [711 727]
 [706 738]]
[[923 725]
 [925 725]
 [925 728]
 [923 728]]
[[922 726]
 [924 724]
 [925 726]
 [924 727]]
[[883 730]
 [919 724]
 [920 731]
 [884 736]]
[[892 732]
 [919 725]
 [920 729]
 [893 736]]
[[624 720]
 [626 720]
 [630 732]
 [628 732]]
[[726 719]
 [728 718]
 [741 763]
 [739 764]]
[[837 706]
 [840 704]
 [854 725]
 [851 728]]
[[890 703]
 [895 696]
 [926 721]
 [920 728]]
[[910 719]
 [912 716]
 [915 719]
 [912 721]]
[[907 711]
 [910 708]
 [922 720]
 [919 723]]
[[895 704]
 [897 703]
 [898 704]
 [897 706]]
[[881 704]
 [884 701]
 [894 708]
 [890 712]]
[[884 706]
 [886 703]
 [893 707]
 [891 711]]
[[883 703]
 [885 702]
 [887 704]
 [885 705]]
[[876 697]
 [878 695]
 [881 698]
 [879 700]]
[[873 692]
 [875 692]
 [875 695]
 [873 695]]
[[872 693]
 [874 691]
 [875 693]
 [874 694]]
[[801 726]
 [803 691]
 [806 692]
 [805 727]]
[[803 692]
 [806 692]
 [806 702]
 [803 702]]
[[914 692]
 [917 688]
 [927 698]
 [924 702]]
[[918 692]
 [920 691]
 [921 692]
 [920 694]]
[[878 694]
 [881 689]
 [898 699]
 [896 704]]
[[895 700]
 [896 699]
 [897 700]
 [896 701]]
[[888 698]
 [891 695]
 [893 697]
 [890 700]]
[[884 694]
 [885 692]
 [889 696]
 [888 698]]
[[914 687]
 [917 687]
 [917 689]
 [914 689]]
[[883 690]
 [891 680]
 [941 718]
 [933 728]]
[[928 722]
 [931 720]
 [933 722]
 [930 724]]
[[903 685]
 [913 685]
 [913 691]
 [903 691]]
[[910 690]
 [911 688]
 [913 690]
 [911 691]]
[[910 688]
 [911 687]
 [912 688]
 [911 689]]
[[909 686]
 [910 684]
 [912 686]
 [910 687]]
[[849 683]
 [852 681]
 [879 716]
 [876 718]]
[[621 694]
 [703 681]
 [710 723]
 [628 736]]
[[705 717]
 [707 715]
 [709 717]
 [707 719]]
[[621 716]
 [623 697]
 [687 703]
 [685 721]]
[[622 696]
 [624 695]
 [625 696]
 [624 698]]
[[685 703]
 [700 680]
 [712 688]
 [698 711]]
[[823 698]
 [835 671]
 [851 679]
 [838 705]]
[[832 698]
 [836 694]
 [842 700]
 [838 704]]
[[829 683]
 [849 677]
 [850 681]
 [830 688]]
[[859 680]
 [860 677]
 [861 677]
 [860 680]]
[[855 675]
 [858 675]
 [858 677]
 [855 677]]
[[855 676]
 [856 674]
 [858 676]
 [856 677]]
[[889 674]
 [893 671]
 [902 684]
 [898 687]]
[[877 671]
 [886 671]
 [886 686]
 [877 686]]
[[879 679]
 [882 678]
 [884 685]
 [881 686]]
[[866 670]
 [869 670]
 [869 673]
 [866 673]]
[[865 671]
 [867 670]
 [869 672]
 [867 673]]
[[824 663]
 [827 663]
 [827 666]
 [824 666]]
[[824 664]
 [825 662]
 [827 664]
 [825 665]]
[[717 676]
 [799 660]
 [807 701]
 [725 717]]
[[889 655]
 [894 655]
 [894 658]
 [889 658]]
[[879 653]
 [884 651]
 [885 655]
 [880 656]]
[[880 654]
 [883 651]
 [885 653]
 [882 656]]
[[909 649]
 [921 645]
 [937 694]
 [925 698]]
[[926 696]
 [927 695]
 [928 696]
 [927 697]]
[[915 653]
 [916 650]
 [922 652]
 [921 655]]
[[910 650]
 [911 648]
 [914 651]
 [912 652]]
[[877 642]
 [878 637]
 [921 645]
 [920 650]]
[[916 646]
 [918 644]
 [921 647]
 [919 649]]
[[560 644]
 [561 641]
 [572 647]
 [570 649]]
[[561 639]
 [569 627]
 [585 637]
 [578 649]]
[[571 643]
 [580 634]
 [585 639]
 [576 648]]
[[581 638]
 [581 638]
 [581 638]
 [581 638]]
[[562 636]
 [577 631]
 [579 636]
 [564 641]]
[[912 634]
 [912 631]
 [915 631]
 [915 634]]
[[912 633]
 [914 631]
 [915 632]
 [913 634]]
[[866 637]
 [877 624]
 [884 630]
 [873 643]]
[[869 633]
 [873 632]
 [875 641]
 [871 642]]
[[871 631]
 [883 628]
 [884 632]
 [872 635]]
[[590 625]
 [612 625]
 [612 639]
 [590 639]]
[[589 631]
 [601 618]
 [613 630]
 [601 643]]
[[605 630]
 [610 630]
 [610 634]
 [605 634]]
[[604 632]
 [607 629]
 [609 631]
 [606 634]]
[[885 627]
 [912 623]
 [913 632]
 [887 636]]
[[907 626]
 [910 624]
 [912 626]
 [910 629]]
[[875 621]
 [878 621]
 [878 624]
 [875 624]]
[[866 605]
 [869 605]
 [869 608]
 [866 608]]
[[865 606]
 [867 604]
 [869 606]
 [867 608]]
[[884 577]
 [884 577]
 [884 577]
 [884 577]]
[[879 578]
 [896 569]
 [898 572]
 [880 581]]
[[861 571]
 [871 569]
 [872 571]
 [862 573]]
[[844 583]
 [851 568]
 [880 580]
 [873 595]]
[[893 569]
 [902 566]
 [924 629]
 [915 632]]
[[899 583]
 [901 580]
 [904 583]
 [901 585]]
[[901 579]
 [907 578]
 [920 630]
 [914 631]]
[[898 567]
 [903 566]
 [905 579]
 [900 580]]
[[678 586]
 [680 554]
 [704 556]
 [701 588]]
[[678 586]
 [680 554]
 [704 556]
 [701 588]]
[[681 583]
 [684 557]
 [701 558]
 [698 585]]
[[681 583]
 [684 557]
 [701 558]
 [698 585]]
[[781 580]
 [792 550]
 [810 558]
 [799 587]]
[[785 577]
 [796 552]
 [808 557]
 [797 582]]
[[781 579]
 [792 552]
 [810 559]
 [799 587]]
[[827 561]
 [831 546]
 [878 557]
 [875 572]]
[[873 567]
 [875 566]
 [876 567]
 [875 569]]
[[859 565]
 [861 563]
 [863 565]
 [861 567]]
[[828 561]
 [830 548]
 [863 555]
 [860 568]]
[[841 539]
 [846 537]
 [850 550]
 [846 552]]
[[840 540]
 [844 538]
 [850 549]
 [846 551]]
[[897 537]
 [902 536]
 [906 556]
 [901 557]]
[[898 538]
 [902 537]
 [905 556]
 [901 557]]
[[847 539]
 [855 536]
 [856 537]
 [848 540]]
[[896 536]
 [896 536]
 [896 536]
 [896 536]]
[[542 533]
 [542 533]
 [542 533]
 [542 533]]
[[539 532]
 [540 531]
 [541 535]
 [540 536]]
[[864 531]
 [867 526]
 [902 550]
 [898 555]]
[[865 531]
 [867 529]
 [869 531]
 [867 533]]
[[856 530]
 [856 530]
 [856 530]
 [856 530]]
[[847 537]
 [861 524]
 [866 529]
 [851 542]]
[[857 527]
 [860 524]
 [863 527]
 [860 530]]
[[535 521]
 [541 521]
 [541 529]
 [535 529]]
[[531 514]
 [533 513]
 [535 521]
 [533 522]]
[[817 506]
 [821 506]
 [821 508]
 [817 508]]
[[817 507]
 [818 505]
 [820 507]
 [818 508]]
[[529 497]
 [533 496]
 [538 517]
 [534 518]]
[[527 495]
 [527 495]
 [527 494]
 [527 494]]
[[539 703]
 [565 684]
 [616 753]
 [589 772]]
[[555 650]
 [559 649]
 [567 684]
 [563 685]]
[[522 513]
 [529 511]
 [558 649]
 [551 651]]
[[524 504]
 [527 504]
 [527 513]
 [524 513]]
[[521 499]
 [524 498]
 [526 504]
 [523 505]]
[[520 493]
 [523 492]
 [526 498]
 [523 499]]
[[533 481]
 [535 480]
 [536 481]
 [534 482]]
[[877 478]
 [879 476]
 [880 477]
 [878 479]]
[[533 476]
 [533 476]
 [533 476]
 [533 476]]
[[851 484]
 [853 471]
 [875 475]
 [873 487]]
[[849 481]
 [855 474]
 [865 482]
 [858 490]]
[[620 475]
 [621 472]
 [624 474]
 [623 477]]
[[621 475]
 [622 473]
 [624 475]
 [622 476]]
[[532 474]
 [532 474]
 [532 472]
 [532 472]]
[[877 471]
 [887 469]
 [896 533]
 [886 535]]
[[687 474]
 [687 470]
 [692 470]
 [692 474]]
[[686 472]
 [689 470]
 [691 472]
 [688 474]]
[[843 469]
 [845 469]
 [845 472]
 [843 472]]
[[847 468]
 [850 468]
 [850 473]
 [847 473]]
[[845 470]
 [848 468]
 [850 470]
 [848 473]]
[[849 466]
 [850 464]
 [853 467]
 [852 469]]
[[523 466]
 [532 466]
 [532 485]
 [523 485]]
[[529 468]
 [531 467]
 [532 468]
 [531 470]]
[[858 464]
 [860 462]
 [861 463]
 [859 465]]
[[528 462]
 [535 461]
 [550 539]
 [543 541]]
[[723 448]
 [726 448]
 [726 453]
 [723 453]]
[[722 451]
 [724 449]
 [726 451]
 [724 453]]
[[636 444]
 [639 444]
 [639 448]
 [636 448]]
[[635 446]
 [638 444]
 [639 445]
 [637 448]]
[[669 443]
 [672 443]
 [672 447]
 [669 447]]
[[669 445]
 [671 443]
 [673 445]
 [671 447]]
[[535 442]
 [538 442]
 [538 445]
 [535 445]]
[[535 443]
 [536 441]
 [538 443]
 [537 445]]
[[567 439]
 [570 439]
 [570 442]
 [567 442]]
[[567 441]
 [569 439]
 [570 440]
 [568 442]]
[[713 428]
 [717 428]
 [717 431]
 [713 431]]
[[713 429]
 [714 427]
 [716 429]
 [715 431]]
[[756 427]
 [759 427]
 [759 430]
 [756 430]]
[[755 428]
 [757 427]
 [759 429]
 [757 430]]
[[853 423]
 [872 422]
 [874 470]
 [856 471]]
[[855 468]
 [857 466]
 [859 468]
 [857 470]]
[[871 457]
 [872 455]
 [874 457]
 [873 459]]
[[863 450]
 [866 448]
 [868 450]
 [866 453]]
[[858 450]
 [861 447]
 [865 451]
 [862 454]]
[[853 447]
 [857 445]
 [860 453]
 [856 455]]
[[860 455]
 [860 424]
 [871 424]
 [871 455]]
[[565 420]
 [568 420]
 [568 423]
 [565 423]]
[[564 421]
 [566 419]
 [568 421]
 [566 423]]
[[834 426]
 [836 412]
 [841 413]
 [840 427]]
[[835 425]
 [837 422]
 [840 425]
 [837 427]]
[[835 413]
 [838 412]
 [841 420]
 [837 421]]
[[778 415]
 [781 404]
 [785 405]
 [782 416]]
[[779 414]
 [781 412]
 [782 413]
 [780 415]]
[[779 410]
 [782 408]
 [784 410]
 [782 413]]
[[780 406]
 [782 405]
 [783 406]
 [782 408]]
[[813 403]
 [816 403]
 [816 407]
 [813 407]]
[[812 405]
 [814 404]
 [816 406]
 [814 407]]
[[842 421]
 [847 397]
 [879 402]
 [874 427]]
[[871 424]
 [873 422]
 [876 425]
 [874 427]]
[[865 401]
 [870 400]
 [876 421]
 [871 422]]
[[724 396]
 [727 396]
 [727 399]
 [724 399]]
[[724 398]
 [725 396]
 [727 398]
 [725 399]]
[[838 409]
 [862 392]
 [863 394]
 [839 411]]
[[542 392]
 [543 391]
 [544 394]
 [543 395]]
[[484 485]
 [521 381]
 [565 396]
 [529 501]]
[[515 471]
 [518 468]
 [521 471]
 [518 474]]
[[489 453]
 [526 394]
 [554 412]
 [516 470]]
[[547 407]
 [561 404]
 [562 411]
 [548 414]]
[[540 401]
 [544 398]
 [548 405]
 [545 407]]
[[816 397]
 [824 386]
 [827 389]
 [819 400]]
[[819 395]
 [822 391]
 [824 393]
 [820 396]]
[[822 391]
 [825 388]
 [827 390]
 [824 393]]
[[702 387]
 [702 384]
 [706 384]
 [706 387]]
[[702 385]
 [704 384]
 [705 385]
 [704 387]]
[[539 382]
 [544 381]
 [546 389]
 [541 391]]
[[541 387]
 [543 386]
 [546 389]
 [544 390]]
[[756 379]
 [761 379]
 [761 392]
 [756 392]]
[[824 369]
 [831 369]
 [831 375]
 [824 375]]
[[829 371]
 [830 370]
 [831 371]
 [830 372]]
[[823 373]
 [827 369]
 [829 371]
 [825 375]]
[[835 368]
 [837 360]
 [843 362]
 [841 370]]
[[840 365]
 [842 363]
 [843 364]
 [841 366]]
[[835 368]
 [837 362]
 [840 363]
 [839 369]]
[[838 363]
 [839 361]
 [841 363]
 [840 365]]
[[840 359]
 [846 353]
 [849 356]
 [843 362]]
[[842 357]
 [844 355]
 [845 357]
 [843 359]]
[[844 356]
 [846 354]
 [848 356]
 [846 358]]
[[617 380]
 [617 374]
 [621 374]
 [621 380]]
[[605 360]
 [611 355]
 [623 369]
 [618 374]]
[[854 347]
 [858 346]
 [864 375]
 [860 376]]
[[617 380]
 [815 346]
 [817 358]
 [619 392]]
[[534 378]
 [576 323]
 [591 333]
 [548 389]]
[[535 378]
 [576 323]
 [590 333]
 [548 388]]
[[565 251]
 [570 250]
 [580 321]
 [575 322]]
[[575 313]
 [578 313]
 [578 319]
 [575 319]]
[[574 311]
 [576 309]
 [578 311]
 [576 313]]
[[564 245]
 [624 233]
 [625 238]
 [565 250]]
[[564 245]
 [574 243]
 [575 246]
 [565 249]]
[[574 243]
 [623 233]
 [624 238]
 [575 248]]
